700010500020002
700010301020000
700020001000002
700010101010000
700010100000002
700000001010001
700000001000001
700000000010000
700020001010002
700020100020001
700010001010000
700000101010000
700000001020000
700020100020002
700020100010002
700010001000002
700010101010001
700020001020002
700020300000002
700020001000001
700000000010001
700000500020002
700020001020001
700000101020001
700020101000001
700020001020000
700020501000002
700020001000000
700000001020002
700020500020000
700000001000002
700000101000000
700010001010002
700010001020002
700010000010001
700020101020002
700000501000002
700000000000000
700010001020000
700020100000001
700000000020001
700010101010002
700000101020002
700000100020002
700010000010000
700020000010000
700000000010002
700000500010000
700000001010002
700010101000001
700020100010000
700000101000001
700020300020001
700010000020000
700010101000002
700020101000000
700000000020000
700000001000000
700020500020002
700000101010002
700000501010002
700010000020002
700020301010000
700020501010000
700010000000002
700010000010002
700000100010002
700000100000002
700000001010000
700020100000002
700020000000002
700020001010000
700020101010002
700020500010000
700020000020000
700020001010001
700020101020000
700020101020001
700000501000001
700000000020002
700020000020002
700020101000002
700000001020001
700000101010001
700000100010001
700000501010001
700000101000002
700020000000000
700000501020001
700020501000001
700000000000002
700020500010001
700010101020002
700000500020001
700020101010000
700000500010002
700020100000000
700010500010002
700020000010001
700010000000001
700010100010001
700010301010000
700010101020001
700020000010002
700020100020000
700020501020000
700010001000000
700020501020001
700010000000000
700010001010001
700010101020000
700020500000000
700000301000001
700010501000001
700000100000001
700010100020002
700010100010000
700010100010002
700010501020000
700020000020001
700010101000000
700000501000000
700020000000001
700000500010001
700010100000001
700000100020000
700010100020000
700020500020001
700020101010001
700010501020002
700020501000000
700000100020001
700000100000000
700000000000001
700020201000002
700010100000000
700010500010000
700010001000001
700000100010000
700000101020000
700000501010000
700020501010002
700000301020002
700010000020001
700020500010002
700000501020002
700010001020001
700000500000001
700020100010001
700020400010001
700010100020001
700010501010000
700020501020002
700020301020002
700010501000002
700000500020000
700010001020000
700010501010002
700020500000001
700000001000002
700000000020001
700020500000002
700000300010000
700000500000000
700010001020002
700020101000002
700000301020000
700000001020002
700020100020002
700000001010002
700000501020000
700020101010000
700010500010001
700020101000002
700020000000002
700020001020000
700000101010000
700020001000000
700000101010002
700000001000000
700020101000002
700020001000000
700010501000000
700020000010002
700010100010000
700020501010001
700000101020001
700020000010002
700020101020000
700020100000002
700020100000001
700020101010001
700020001000002
700020001020001
700000500000002
700000101010001
700000100000002
700010100020001
700000001010000
700010100020001
